DAJN 120.86497 22.31130 1.42
DAWU 120.89004 22.34059 2.21
YUSN 120.95914 23.48730 -3.85
SANL 120.76855 23.66448 -2.01
WULI 121.30846 24.35228 -2.28
SPAO 121.48486 24.20501 -3.78
FNGU 120.72445 24.03516 -7.21
SHAN 121.19949 23.10886 5.62
MIAO 120.81026 24.58345 -10.34
JYAN 121.22634 24.24247 4.69
TAPE 121.23087 23.12557 8.29
HSIN 121.01425 24.82775 -9.21
PEPU 121.61034 24.01788 -5.30
FCWS 121.24981 24.85069 -8.58
SFON 121.01016 24.93289 -9.74
TSIO 120.70410 24.47279 -10.33
SLNP 121.63563 24.75311 -11.78
GS23 120.64768 24.09459 -10.53
BANC 121.44210 24.99765 -10.32
JHCI 120.54742 23.51372 -9.26
SOFN 121.59816 23.87026 14.04
SSUN 120.37777 23.41415 -11.23
YENL 121.60184 23.90350 13.02
S23R 120.60617 22.64498 -12.15
TAYN 120.76419 23.15934 -9.96
NDHU 121.55081 23.89724 3.09
GS25 120.64022 23.98651 -10.15
DAHU 120.87183 24.42288 -10.06
SUAN 120.29988 23.47757 -12.12
LNCH 120.40261 22.99458 -17.21
SJPU 120.48126 23.42854 -8.80
SHWA 120.34781 23.02143 -15.53
GS35 120.30938 22.93552 -15.46
GUKN 120.58878 23.64586 -7.47
SHUL 121.56273 23.78761 18.08
GS34 120.27513 22.93922 -14.42
MOTN 121.02685 23.20054 -6.53
FUNY 120.32017 23.92231 -11.51
GS21 120.51237 24.09730 -11.82
GS08 121.50149 25.20372 -10.76
GS26 120.64602 23.86984 -10.00
GS09 121.65193 25.20860 -10.98
SANJ 121.50087 25.26079 -11.11
TUNH 121.30022 23.07516 29.27
VR03 120.58151 23.86443 -12.34
FALI 120.59360 22.36525 -11.18
CHGO 121.37453 23.09833 32.64
VR02 120.37348 23.89993 -11.92
GS36 120.62533 24.36204 -11.11
CHUN 121.39310 23.45285 27.05
GS24 120.52608 24.02523 -11.64
GS33 120.18781 22.96442 -14.16
GS32 120.33709 23.02578 -18.88
CTOU 120.27784 22.75468 -25.78
TAPU 120.58541 23.25080 -7.32
YMSM 121.57405 25.16571 -10.73
GS31 120.27576 23.01890 -12.64
NAAO 121.81021 24.44934 -30.56
AKND 120.35726 22.80331 -21.97
GS27 120.57787 23.82475 -11.86
TATA 120.88705 23.48140 -0.01
WANS 120.88519 23.60750 -2.57
THAI 121.29559 24.60712 -4.50
PINT 120.64056 23.75606 -9.96
PTUN 120.45968 22.64985 -20.47
S011 120.33945 23.20542 -8.43
TOFN 120.92480 24.66204 -8.84
SLIN 121.44140 23.81185 1.85
CWEN 120.45276 23.47304 -8.43
GS12 121.38276 25.05303 -8.95
NANK 120.27439 23.10199 -10.19
GS13 121.45224 25.02000 -8.18
WIPN 121.05855 24.67463 -6.65
NCKU 120.27581 22.93845 -14.67
PKGM 120.30550 23.57989 -9.64
WULU 121.04147 23.16926 -0.84
JONP 120.52400 23.42297 -8.84
S103 120.47519 23.56437 -8.93
WARO 121.44093 23.81202 2.22
TTUN 121.08070 22.76455 -4.97
GS11 121.49876 25.13356 -9.70
LONT 121.13056 22.90631 9.69
TAPO 121.23741 23.12706 28.04
GS05 120.56840 23.56710 -8.39
CHKU 120.09275 23.05584 -13.87
CHEN 121.37358 23.09740 31.75
GS15 120.99049 24.76664 -8.76
KZN1 120.69798 23.94625 -9.88
YM03 121.60490 25.14661 -11.54
SAND 120.64064 22.71727 -10.15
NSHE 120.80090 24.22579 -10.30
JULI 121.31817 23.34166 8.13
DOSH 120.82688 24.26268 -7.40
DNAN 120.44799 23.67380 -9.08
S012 120.48826 23.05947 -10.44
GS38 120.60058 24.27980 -10.60
GS39 120.52959 24.18441 -11.43
GS10 121.46154 25.14615 -10.35
GS28 120.21436 23.08098 -13.57
DONA 120.70351 22.91562 -11.69
NCTU 120.99732 24.78882 -5.70
YM05 121.56548 25.16400 -11.19
HUWE 120.28662 23.72940 -10.71
W029 120.66425 23.54079 -8.02
KASH 120.28835 22.61449 -35.52
ERPN 121.16611 22.94217 28.85
MESN 120.82626 23.26363 -9.92
GS16 121.04160 24.74787 -7.85
SGAN 120.34965 22.58127 -31.84
JSUI 121.42389 23.49198 28.62
SINL 121.25462 22.90829 33.17
S106 120.33409 23.05079 -16.05
PAOL 120.70287 23.10862 -12.49
YM02 121.56069 25.14838 -10.89
SHJU 120.92195 24.84508 -10.66
