DAWU 120.89004 22.34059 0.06
GS36 120.62533 24.36204 -0.09
CTOU 120.27784 22.75468 0.25
HSIN 121.01425 24.82775 -0.23
GS31 120.27576 23.01890 -0.25
SSUN 120.37777 23.41415 -0.36
DONY 120.48970 26.36769 0.58
VR03 120.58151 23.86443 -0.47
GS23 120.64768 24.09459 0.48
SFON 121.01016 24.93289 -0.60
MIAO 120.81026 24.58345 -1.15
WULI 121.30846 24.35228 1.25
GS09 121.65193 25.20860 0.82
CHNT 121.66189 24.14921 0.89
S23R 120.60617 22.64498 1.94
FCWS 121.24981 24.85069 2.65
AKND 120.35726 22.80331 1.68
DAJN 120.86497 22.31130 1.94
DAHU 120.87183 24.42288 2.04
GS21 120.51237 24.09730 -2.45
GS08 121.50149 25.20372 -1.98
BANC 121.44210 24.99765 2.30
GS25 120.64022 23.98651 -2.51
FALI 120.59360 22.36525 -3.39
PEPU 121.61034 24.01788 -2.56
SHAN 121.19949 23.10886 -5.21
SUAN 120.29988 23.47757 -3.89
GS33 120.18781 22.96442 -1.37
TUNH 121.30022 23.07516 3.95
CHUN 121.39310 23.45285 -4.22
CHGO 121.37453 23.09833 1.94
SJPU 120.48126 23.42854 0.94
TSIO 120.70410 24.47279 1.86
JHCI 120.54742 23.51372 1.59
JYAN 121.22634 24.24247 4.12
YENL 121.60184 23.90350 -9.27
TAPU 120.58541 23.25080 6.72
GS27 120.57787 23.82475 2.19
SANL 120.76855 23.66448 3.44
GS26 120.64602 23.86984 5.32
TAPE 121.23087 23.12557 -9.10
GUKN 120.58878 23.64586 0.99
GS34 120.27513 22.93922 8.29
SHWA 120.34781 23.02143 11.68
NDHU 121.55081 23.89724 -5.66
GS24 120.52608 24.02523 -9.45
GS35 120.30938 22.93552 8.76
SANJ 121.50087 25.26079 3.15
SOFN 121.59816 23.87026 -13.15
NAAO 121.81021 24.44934 -5.25
FUNY 120.32017 23.92231 -18.66
SHUL 121.56273 23.78761 -15.21
KNKO 121.50574 23.47221 -6.40
SPAO 121.48486 24.20501 12.71
GS32 120.33709 23.02578 6.74
MOTN 121.02685 23.20054 6.71
VR02 120.37348 23.89993 -32.49
TAYN 120.76419 23.15934 15.27
YMSM 121.57405 25.16571 -37.37
LNCH 120.40261 22.99458 22.57
SLNP 121.63563 24.75311 1.13
FUGN 121.19216 22.79075 0.31
JIBE 119.61336 23.74142 -0.68
YUSN 120.95914 23.48730 2.65
FNGU 120.72445 24.03516 -2.09
YM03 121.60490 25.14661 0.08
JYGU 119.97097 25.95971 1.09
CHEN 121.37358 23.09740 -0.43
S011 120.33945 23.20542 0.46
HUSI 119.66941 23.56640 0.51
PTUN 120.45968 22.64985 -1.52
THAI 121.29559 24.60712 3.28
PINT 120.64056 23.75606 -4.18
GS38 120.60058 24.27980 0.23
KASH 120.28835 22.61449 -0.91
CWEN 120.45276 23.47304 -1.09
WARO 121.44093 23.81202 -1.45
GS12 121.38276 25.05303 -1.14
S103 120.47519 23.56437 1.18
TOFN 120.92480 24.66204 1.89
JONP 120.52400 23.42297 3.27
PAOL 120.70287 23.10862 13.49
SAND 120.64064 22.71727 -1.05
DONA 120.70351 22.91562 4.56
SGAN 120.34965 22.58127 -1.20
WANS 120.88519 23.60750 9.73
KZN1 120.69798 23.94625 -1.63
GS39 120.52959 24.18441 -1.00
YM05 121.56548 25.16400 -0.98
GS11 121.49876 25.13356 -1.75
NANK 120.27439 23.10199 0.72
YM02 121.56069 25.14838 -0.48
ERPN 121.16611 22.94217 5.92
WIPN 121.05855 24.67463 1.85
GS16 121.04160 24.74787 0.98
TAPO 121.23741 23.12706 8.96
GS05 120.56840 23.56710 1.57
NCKU 120.27581 22.93845 7.41
S012 120.48826 23.05947 7.35
TATA 120.88705 23.48140 -1.07
GS13 121.45224 25.02000 -9.13
TTUN 121.08070 22.76455 -2.34
GS15 120.99049 24.76664 1.70
CHKU 120.09275 23.05584 6.75
LONT 121.13056 22.90631 6.07
GS10 121.46154 25.14615 7.13
NCTU 120.99732 24.78882 -4.82
JSUI 121.42389 23.49198 1.73
JULI 121.31817 23.34166 -4.03
SINL 121.25462 22.90829 5.74
SHJU 120.92195 24.84508 -3.12
S106 120.33409 23.05079 9.41
SLIN 121.44140 23.81185 7.39
GS28 120.21436 23.08098 3.31
LTUN 121.77162 24.70003 -5.74
PKGM 120.30550 23.57989 -17.28
DNAN 120.44799 23.67380 -11.44
W029 120.66425 23.54079 5.94
MESN 120.82626 23.26363 6.73
DOSH 120.82688 24.26268 2.23
HUWE 120.28662 23.72940 -20.16
KMNM 118.38857 24.46382 1.96
NSHE 120.80090 24.22579 7.33
WULU 121.04147 23.16926 15.41
DAJN 120.86497 22.31130 1.42
DAWU 120.89004 22.34059 2.21
WULI 121.30846 24.35228 -2.28
SANL 120.76855 23.66448 -2.01
SPAO 121.48486 24.20501 -3.78
JYAN 121.22634 24.24247 4.69
FCWS 121.24981 24.85069 -8.58
MIAO 120.81026 24.58345 -10.34
TAPE 121.23087 23.12557 8.29
PEPU 121.61034 24.01788 -5.30
TSIO 120.70410 24.47279 -10.33
HSIN 121.01425 24.82775 -9.21
SHAN 121.19949 23.10886 5.62
SFON 121.01016 24.93289 -9.74
GS25 120.64022 23.98651 -10.15
BANC 121.44210 24.99765 -10.32
DAHU 120.87183 24.42288 -10.06
SOFN 121.59816 23.87026 14.04
JHCI 120.54742 23.51372 -9.26
NDHU 121.55081 23.89724 3.09
GS23 120.64768 24.09459 -10.53
S23R 120.60617 22.64498 -12.15
TAYN 120.76419 23.15934 -9.96
LNCH 120.40261 22.99458 -17.21
SJPU 120.48126 23.42854 -8.80
SSUN 120.37777 23.41415 -11.23
MOTN 121.02685 23.20054 -6.53
GUKN 120.58878 23.64586 -7.47
SHUL 121.56273 23.78761 18.08
GS26 120.64602 23.86984 -10.00
YENL 121.60184 23.90350 13.02
DONY 120.48970 26.36769 -13.19
SUAN 120.29988 23.47757 -12.12
GS35 120.30938 22.93552 -15.46
GS08 121.50149 25.20372 -10.76
GS21 120.51237 24.09730 -11.82
GS09 121.65193 25.20860 -10.98
FUNY 120.32017 23.92231 -11.51
SHWA 120.34781 23.02143 -15.53
GS34 120.27513 22.93922 -14.42
SANJ 121.50087 25.26079 -11.11
CHGO 121.37453 23.09833 32.64
GS24 120.52608 24.02523 -11.64
CHNT 121.66189 24.14921 -12.92
GS33 120.18781 22.96442 -14.16
VR02 120.37348 23.89993 -11.92
TUNH 121.30022 23.07516 29.27
FALI 120.59360 22.36525 -11.18
GS32 120.33709 23.02578 -18.88
YMSM 121.57405 25.16571 -10.73
VR03 120.58151 23.86443 -12.34
CHUN 121.39310 23.45285 27.05
GS36 120.62533 24.36204 -11.11
TAPU 120.58541 23.25080 -7.32
CTOU 120.27784 22.75468 -25.78
NAAO 121.81021 24.44934 -30.56
GS31 120.27576 23.01890 -12.64
KNKO 121.50574 23.47221 40.21
AKND 120.35726 22.80331 -21.97
GS27 120.57787 23.82475 -11.86
TATA 120.88705 23.48140 -0.01
YUSN 120.95914 23.48730 -3.85
WANS 120.88519 23.60750 -2.57
THAI 121.29559 24.60712 -4.50
FNGU 120.72445 24.03516 -7.21
SLNP 121.63563 24.75311 -11.78
PINT 120.64056 23.75606 -9.96
SLIN 121.44140 23.81185 1.85
WARO 121.44093 23.81202 2.22
PTUN 120.45968 22.64985 -20.47
TOFN 120.92480 24.66204 -8.84
PKGM 120.30550 23.57989 -9.64
JONP 120.52400 23.42297 -8.84
GS13 121.45224 25.02000 -8.18
NANK 120.27439 23.10199 -10.19
NCKU 120.27581 22.93845 -14.67
S011 120.33945 23.20542 -8.43
JIBE 119.61336 23.74142 -13.02
LONT 121.13056 22.90631 9.69
FUGN 121.19216 22.79075 29.04
CWEN 120.45276 23.47304 -8.43
GS05 120.56840 23.56710 -8.39
JYGU 119.97097 25.95971 -11.93
SAND 120.64064 22.71727 -10.15
S103 120.47519 23.56437 -8.93
TAPO 121.23741 23.12706 28.04
JULI 121.31817 23.34166 8.13
CHEN 121.37358 23.09740 31.75
GS15 120.99049 24.76664 -8.76
HUWE 120.28662 23.72940 -10.71
GS10 121.46154 25.14615 -10.35
WIPN 121.05855 24.67463 -6.65
HUSI 119.66941 23.56640 -12.84
CHKU 120.09275 23.05584 -13.87
S012 120.48826 23.05947 -10.44
GS12 121.38276 25.05303 -8.95
S106 120.33409 23.05079 -16.05
TTUN 121.08070 22.76455 -4.97
KZN1 120.69798 23.94625 -9.88
SINL 121.25462 22.90829 33.17
GS11 121.49876 25.13356 -9.70
KASH 120.28835 22.61449 -35.52
LTUN 121.77162 24.70003 -18.56
YM03 121.60490 25.14661 -11.54
DNAN 120.44799 23.67380 -9.08
GS28 120.21436 23.08098 -13.57
WULU 121.04147 23.16926 -0.84
ERPN 121.16611 22.94217 28.85
W029 120.66425 23.54079 -8.02
GS38 120.60058 24.27980 -10.60
DONA 120.70351 22.91562 -11.69
NCTU 120.99732 24.78882 -5.70
YM02 121.56069 25.14838 -10.89
GS39 120.52959 24.18441 -11.43
YM05 121.56548 25.16400 -11.19
JSUI 121.42389 23.49198 28.62
SGAN 120.34965 22.58127 -31.84
PAOL 120.70287 23.10862 -12.49
GS16 121.04160 24.74787 -7.85
SHJU 120.92195 24.84508 -10.66
MESN 120.82626 23.26363 -9.92
DOSH 120.82688 24.26268 -7.40
NSHE 120.80090 24.22579 -10.30
KMNM 118.38857 24.46382 -12.25
TAPU 120.58541 23.25080 -0.53
GS34 120.27513 22.93922 -0.74
SHAN 121.19949 23.10886 -1.41
SHUL 121.56273 23.78761 2.40
NDHU 121.55081 23.89724 2.90
GS35 120.30938 22.93552 -1.35
MOTN 121.02685 23.20054 -4.71
LNCH 120.40261 22.99458 0.99
SOFN 121.59816 23.87026 7.19
GS32 120.33709 23.02578 4.00
TAPE 121.23087 23.12557 -6.05
SHWA 120.34781 23.02143 6.06
TAYN 120.76419 23.15934 -6.80
GS31 120.27576 23.01890 8.97
CTOU 120.27784 22.75468 -11.95
AKND 120.35726 22.80331 -16.01
DAWU 120.89004 22.34059 -9.82
JHCI 120.54742 23.51372 17.40
MIAO 120.81026 24.58345 27.37
DONY 120.48970 26.36769 32.83
KNKO 121.50574 23.47221 -21.05
SFON 121.01016 24.93289 30.58
FUNY 120.32017 23.92231 31.17
FCWS 121.24981 24.85069 31.01
CHUN 121.39310 23.45285 -16.25
GS09 121.65193 25.20860 32.89
S23R 120.60617 22.64498 -23.84
VR02 120.37348 23.89993 29.59
FALI 120.59360 22.36525 -24.64
YMSM 121.57405 25.16571 30.36
GS23 120.64768 24.09459 28.13
PEPU 121.61034 24.01788 13.92
GS33 120.18781 22.96442 18.11
SJPU 120.48126 23.42854 18.54
GS24 120.52608 24.02523 29.32
DAJN 120.86497 22.31130 -12.09
BANC 121.44210 24.99765 32.27
TSIO 120.70410 24.47279 28.58
SSUN 120.37777 23.41415 22.55
GS08 121.50149 25.20372 32.13
YENL 121.60184 23.90350 6.23
GS25 120.64022 23.98651 26.41
NAAO 121.81021 24.44934 40.26
HSIN 121.01425 24.82775 30.67
GS21 120.51237 24.09730 29.48
GS27 120.57787 23.82475 25.46
WULI 121.30846 24.35228 24.11
VR03 120.58151 23.86443 27.94
SPAO 121.48486 24.20501 22.50
GS36 120.62533 24.36204 29.40
SANL 120.76855 23.66448 6.93
GUKN 120.58878 23.64586 23.14
SANJ 121.50087 25.26079 31.68
TUNH 121.30022 23.07516 -15.35
SUAN 120.29988 23.47757 29.34
CHGO 121.37453 23.09833 -21.90
DAHU 120.87183 24.42288 25.50
CHNT 121.66189 24.14921 21.99
GS26 120.64602 23.86984 26.99
JYAN 121.22634 24.24247 21.61
YUSN 120.95914 23.48730 -6.53
FNGU 120.72445 24.03516 20.58
NCKU 120.27581 22.93845 -0.81
JULI 121.31817 23.34166 0.53
SLNP 121.63563 24.75311 34.93
JIBE 119.61336 23.74142 30.15
JYGU 119.97097 25.95971 31.94
THAI 121.29559 24.60712 29.33
PINT 120.64056 23.75606 25.81
PTUN 120.45968 22.64985 -22.05
FUGN 121.19216 22.79075 -23.93
S012 120.48826 23.05947 -7.30
WANS 120.88519 23.60750 -2.95
PAOL 120.70287 23.10862 -15.97
CHEN 121.37358 23.09740 -22.12
JONP 120.52400 23.42297 16.35
S011 120.33945 23.20542 20.55
WARO 121.44093 23.81202 5.45
NANK 120.27439 23.10199 19.25
S106 120.33409 23.05079 9.32
ERPN 121.16611 22.94217 -22.39
TAPO 121.23741 23.12706 -14.85
SINL 121.25462 22.90829 -19.67
YM03 121.60490 25.14661 34.78
WIPN 121.05855 24.67463 28.97
GS12 121.38276 25.05303 32.54
GS13 121.45224 25.02000 30.82
CWEN 120.45276 23.47304 20.76
GS10 121.46154 25.14615 31.71
MESN 120.82626 23.26363 -3.21
CHKU 120.09275 23.05584 27.58
SLIN 121.44140 23.81185 7.54
GS28 120.21436 23.08098 20.14
KASH 120.28835 22.61449 -14.62
TTUN 121.08070 22.76455 -10.85
GS05 120.56840 23.56710 17.85
YM02 121.56069 25.14838 35.00
TOFN 120.92480 24.66204 28.89
JSUI 121.42389 23.49198 -15.93
LONT 121.13056 22.90631 -7.47
HUSI 119.66941 23.56640 31.05
SGAN 120.34965 22.58127 -14.95
GS38 120.60058 24.27980 28.71
TATA 120.88705 23.48140 -13.97
SHJU 120.92195 24.84508 31.36
W029 120.66425 23.54079 10.13
S103 120.47519 23.56437 23.98
GS11 121.49876 25.13356 32.65
HUWE 120.28662 23.72940 29.15
GS39 120.52959 24.18441 29.64
YM05 121.56548 25.16400 33.88
PKGM 120.30550 23.57989 31.76
GS15 120.99049 24.76664 30.14
DONA 120.70351 22.91562 -26.20
SAND 120.64064 22.71727 -25.46
DNAN 120.44799 23.67380 27.43
KZN1 120.69798 23.94625 24.74
WULU 121.04147 23.16926 -4.51
NCTU 120.99732 24.78882 19.24
LTUN 121.77162 24.70003 44.99
GS16 121.04160 24.74787 29.38
NSHE 120.80090 24.22579 23.66
DOSH 120.82688 24.26268 25.32
KMNM 118.38857 24.46382 32.42
