   121.6338       24.00000
   121.6346       24.00250
   121.6404       24.01001
   121.6379       24.02081
   121.6237       24.03244
   121.6129       24.05246
   121.6087       24.06415
   121.6112       24.08750
   121.6162       24.09754
   121.6291       24.11041
   121.6425       24.11875
   121.6579       24.13666
   121.6587       24.15503
   121.6504       24.17163
   121.6571       24.19583
   121.6675       24.20874
   121.6967       24.22455
   121.7100       24.24454
   121.7183       24.24540
   121.7346       24.25910
   121.7446       24.28754
   121.7670       24.31080
   121.7654       24.34165
   121.7804       24.37577
   121.7837       24.40833
   121.7946       24.43580
   121.8145       24.45667
   121.8137       24.46253
   121.8166       24.46543
   121.8242       24.46793
   121.8358       24.47788
   121.8554       24.48164
   121.8542       24.48542
   121.8445       24.48667
   121.8446       24.49583
   121.8408       24.49955
   121.8366       24.49870
   121.8321       24.50166
   121.8312       24.51829
   121.8359       24.52290
   121.8533       24.52958
   121.8600       24.52955
   121.8662       24.53501
   121.8621       24.57667
   121.8721       24.58247
   121.8650       24.58958
   121.8620       24.58918
   121.8625       24.58293
   121.8537       24.59248
   121.8513       24.60249
   121.8616       24.60706
   121.8742       24.60044
   121.8779       24.60166
   121.8779       24.60667
   121.8583       24.61286
   121.8463       24.62748
   121.8329       24.66496
   121.8296       24.70332
   121.8246       24.70585
   121.8233       24.71376
   121.8062       24.71748
   121.8208       24.71620
   121.8254       24.71830
   121.8146       24.74333
   121.8121       24.76497
   121.8121       24.79829
   121.8245       24.85499
   121.8304       24.87001
   121.8446       24.89079
   121.8779       24.91832
   121.8804       24.93413
   121.8858       24.94038
   121.8967       24.94209
   121.8991       24.94874
   121.9117       24.95454
   121.9171       24.96577
   121.9258       24.97377
   121.9358       24.97539
   121.9525       24.98537
   121.9608       24.98543
   121.9716       24.99376
   121.9767       24.99373
   121.9875       25.00374
   121.9996       25.00743
   121.9992       25.01707
   121.9925       25.02208
   121.9850       25.01707
   121.9845       25.02333
   121.9775       25.02788
   121.9625       25.02870
   121.9417       25.02287
   121.9312       25.02583
   121.9404       25.02501
   121.9312       25.03328
   121.9245       25.04747
   121.9254       25.05916
   121.9204       25.06087
   121.9262       25.06584
   121.9112       25.08000
   121.9095       25.08751
   121.9146       25.10582
   121.9196       25.10832
   121.9167       25.11794
   121.9088       25.11748
   121.9179       25.12667
   121.9183       25.13292
   121.9099       25.12959
   121.9100       25.12706
   121.8983       25.12709
   121.8933       25.12374
   121.8650       25.12871
   121.8600       25.12621
   121.8575       25.12959
   121.8367       25.13207
   121.8291       25.13207
   121.8242       25.12621
   121.8166       25.12541
   121.8129       25.13164
   121.8150       25.13704
   121.8033       25.13622
   121.7978       25.13915
   121.7954       25.14330
   121.8000       25.14955
   121.7900       25.15126
   121.7892       25.14372
   121.7666       25.15792
   121.7562       25.15077
   121.7542       25.14540
   121.7434       25.14208
   121.7358       25.13457
   121.7354       25.14501
   121.7408       25.14293
   121.7479       25.14662
   121.7396       25.15413
   121.7437       25.15831
   121.7342       25.16042
   121.7325       25.16371
   121.7292       25.16210
   121.7208       25.16872
   121.7042       25.16790
   121.7046       25.17748
   121.6958       25.18288
   121.6875       25.18376
   121.6813       25.19243
   121.6825       25.19792
   121.6904       25.20497
   121.6871       25.20833
   121.6971       25.21666
   121.6959       25.21959
   121.6825       25.20790
   121.6800       25.21038
   121.6733       25.20455
   121.6608       25.20790
   121.6453       25.22496
   121.6471       25.23497
   121.6416       25.23204
   121.6304       25.24083
   121.6287       25.26250
   121.6200       25.27459
   121.6116       25.28124
   121.6025       25.28374
   121.5950       25.29125
   121.5817       25.29454
   121.5725       25.30043
   121.5633       25.29955
   121.5591       25.29458
   121.5442       25.29375
   121.5300       25.30288
   121.5271       25.29162
   121.5142       25.28707
   121.5092       25.28789
   121.5050       25.29375
   121.5016       25.28460
   121.4742       25.27205
   121.4650       25.25624
   121.4445       25.25167
   121.4329       25.22246
   121.4246       25.21581
   121.4121       25.19332
   121.4004       25.18996
   121.4124       25.17876
   121.4350       25.17125
   121.4425       25.16457
   121.4411       25.15859
   121.4346       25.15749
   121.4217       25.16545
   121.4108       25.16622
   121.4130       25.17244
   121.4108       25.17461
   121.3817       25.14791
   121.3309       25.12871
   121.3109       25.12538
   121.2933       25.12709
   121.2833       25.12126
   121.2667       25.12123
   121.2542       25.12541
   121.2450       25.12291
   121.2416       25.12459
   121.2341       25.11791
   121.2292       25.11873
   121.1942       25.10625
   121.1725       25.09459
   121.1700       25.08708
   121.1633       25.08873
   121.1508       25.08290
   121.1166       25.07707
   121.0908       25.06706
   121.0683       25.04878
   121.0475       25.04289
   121.0296       25.02663
   121.0121       24.99831
   121.0145       24.99660
   121.0104       24.99251
   121.0120       24.98833
   121.0079       24.97496
   120.9821       24.94917
   120.9804       24.94246
   120.9830       24.93999
   120.9721       24.93584
   120.9612       24.91917
   120.9617       24.91295
   120.9716       24.91374
   120.9729       24.91087
   120.9634       24.91038
   120.9462       24.89165
   120.9379       24.86165
   120.9458       24.86204
   120.9529       24.85496
   120.9466       24.86040
   120.9383       24.86040
   120.9362       24.85832
   120.9383       24.85707
   120.9458       24.85792
   120.9479       24.85585
   120.9342       24.85618
   120.9337       24.85328
   120.9379       24.85081
   120.9358       24.84871
   120.9334       24.85042
   120.9300       24.84623
   120.9217       24.85289
   120.9021       24.82832
   120.9004       24.81166
   120.9117       24.81202
   120.9196       24.80497
   120.9121       24.80665
   120.9062       24.77333
   120.9025       24.76790
   120.8970       24.76667
   120.8979       24.75663
   120.8938       24.74748
   120.8775       24.74122
   120.8587       24.72834
   120.8537       24.71165
   120.8554       24.70497
   120.8246       24.67918
   120.8316       24.67625
   120.8334       24.67121
   120.8421       24.67497
   120.8371       24.66996
   120.8400       24.66621
   120.8521       24.66749
   120.8400       24.66126
   120.8275       24.66960
   120.8058       24.67036
   120.7759       24.66453
   120.7562       24.64414
   120.7496       24.62834
   120.7517       24.62290
   120.7667       24.61207
   120.7750       24.61122
   120.7641       24.61036
   120.7575       24.61546
   120.7508       24.61625
   120.7366       24.61122
   120.7300       24.61454
   120.7129       24.60746
   120.7012       24.58161
   120.7029       24.57667
   120.6987       24.57414
   120.6871       24.54835
   120.6746       24.50663
   120.6604       24.48997
   120.6679       24.48911
   120.6538       24.48167
   120.6463       24.46744
   120.6475       24.46375
   120.6383       24.46040
   120.6179       24.44413
   120.6170       24.43912
   120.6096       24.43500
   120.6088       24.42829
   120.5979       24.41917
   120.5980       24.41501
   120.5912       24.41501
   120.5887       24.40912
   120.6004       24.40247
   120.5900       24.40543
   120.5813       24.39661
   120.5821       24.39164
   120.5779       24.38663
   120.5879       24.38416
   120.5750       24.38459
   120.5654       24.37916
   120.5692       24.37626
   120.5742       24.37958
   120.5771       24.37415
   120.5637       24.36417
   120.5537       24.34998
   120.5537       24.34079
   120.5462       24.33170
   120.5429       24.32081
   120.5404       24.29667
   120.5254       24.29248
   120.5246       24.28583
   120.5204       24.28415
   120.5220       24.28000
   120.5188       24.27247
   120.5212       24.26993
   120.5112       24.24915
   120.4804       24.20914
   120.4825       24.20209
   120.4967       24.19623
   120.5042       24.19626
   120.5087       24.18164
   120.5054       24.18164
   120.4983       24.19455
   120.4858       24.19788
   120.4753       24.19663
   120.4779       24.19413
   120.4738       24.19248
   120.4763       24.18668
   120.4604       24.17414
   120.4554       24.16327
   120.4329       24.13666
   120.4238       24.10080
   120.4250       24.09708
   120.4304       24.09918
   120.4279       24.09250
   120.4100       24.08371
   120.4062       24.07581
   120.4004       24.07169
   120.3950       24.04791
   120.3946       24.05496
   120.3916       24.05621
   120.3671       24.04166
   120.3521       24.02246
   120.3438       24.00497
   120.3428       24.00000
   120.3413       23.99246
   120.3450       23.99292
   120.3442       23.99124
   120.3250       23.99118
   120.3221       23.98746
   120.3163       23.96918
   120.3308       23.96957
   120.3321       23.96747
   120.3121       23.94165
   120.3154       23.93664
   120.3108       23.93707
   120.3054       23.93082
   120.2979       23.90918
   120.2813       23.88168
   120.2813       23.87662
   120.2629       23.86499
   120.2646       23.84582
   120.2708       23.84045
   120.2917       23.83374
   120.3225       23.83459
   120.3384       23.83124
   120.3458       23.83539
   120.3583       23.83542
   120.3633       23.83374
   120.3654       23.82919
   120.3592       23.82376
   120.3458       23.82043
   120.3225       23.82043
   120.3050       23.81122
   120.2941       23.81122
   120.2667       23.82043
   120.2334       23.82290
   120.2113       23.79834
   120.2134       23.79458
   120.2029       23.79330
   120.1912       23.77420
   120.1912       23.75998
   120.2012       23.76498
   120.1888       23.75332
   120.1946       23.74914
   120.1879       23.73165
   120.1879       23.72747
   120.1921       23.72583
   120.1913       23.72164
   120.1741       23.69537
   120.1754       23.70251
   120.1716       23.70040
   120.1721       23.70413
   120.1683       23.70452
   120.1538       23.68667
   120.1396       23.65414
   120.1337       23.64831
   120.1288       23.63247
   120.1304       23.61999
   120.1262       23.59420
   120.1295       23.59582
   120.1325       23.61538
   120.1384       23.60623
   120.1479       23.60583
   120.1387       23.58163
   120.1404       23.57165
   120.1371       23.55581
   120.1417       23.54788
   120.1537       23.55001
   120.1462       23.52911
   120.1537       23.52496
   120.1271       23.52078
   120.1262       23.49496
   120.1283       23.49371
   120.1325       23.49706
   120.1475       23.49538
   120.1429       23.48998
   120.1425       23.48205
   120.1500       23.49126
   120.1520       23.48995
   120.1496       23.48080
   120.1379       23.47417
   120.1383       23.47118
   120.1445       23.47243
   120.1396       23.45834
   120.1442       23.45788
   120.1483       23.46374
   120.1542       23.46542
   120.1571       23.46169
   120.1508       23.46209
   120.1504       23.46001
   120.1625       23.45376
   120.1633       23.45040
   120.1691       23.46041
   120.1713       23.45248
   120.1762       23.45165
   120.1671       23.44747
   120.1700       23.44375
   120.1592       23.44540
   120.1571       23.44332
   120.1592       23.43456
   120.1504       23.43664
   120.1492       23.45043
   120.1396       23.44582
   120.1371       23.43835
   120.1383       23.42785
   120.1483       23.43124
   120.1563       23.42998
   120.1558       23.42788
   120.1450       23.42873
   120.1421       23.42580
   120.1454       23.40993
   120.1475       23.40792
   120.1550       23.40957
   120.1571       23.40752
   120.1546       23.40249
   120.1588       23.39998
   120.1554       23.39913
   120.1471       23.38082
   120.1512       23.35329
   120.1475       23.35293
   120.1412       23.34414
   120.1441       23.34041
   120.1487       23.33999
   120.1516       23.32958
   120.1550       23.33458
   120.1600       23.33455
   120.1612       23.33165
   120.1550       23.31792
   120.1475       23.31789
   120.1367       23.32454
   120.1262       23.32247
   120.1404       23.31582
   120.1362       23.30416
   120.1238       23.29830
   120.1229       23.29329
   120.1263       23.29165
   120.1100       23.27962
   120.1058       23.27208
   120.1017       23.27373
   120.0971       23.26998
   120.0970       23.26168
   120.1100       23.25957
   120.1121       23.25246
   120.1054       23.25081
   120.1025       23.24288
   120.0855       23.23748
   120.0875       23.23455
   120.0941       23.23622
   120.1154       23.22918
   120.0942       23.22539
   120.0879       23.22832
   120.0838       23.21746
   120.0887       23.21749
   120.0887       23.20500
   120.0846       23.20330
   120.0833       23.19539
   120.0729       23.19332
   120.0750       23.19042
   120.0855       23.19164
   120.0862       23.17751
   120.0679       23.17418
   120.0679       23.14748
   120.0800       23.14705
   120.0842       23.15373
   120.0942       23.15288
   120.0967       23.14540
   120.0996       23.14583
   120.1000       23.14955
   120.1037       23.14330
   120.1021       23.12746
   120.1100       23.12712
   120.1100       23.11873
   120.1192       23.11873
   120.1221       23.11415
   120.1033       23.11208
   120.0941       23.10790
   120.0887       23.10332
   120.0891       23.09541
   120.0808       23.09706
   120.0775       23.09206
   120.0667       23.08870
   120.0375       23.08455
   120.0337       23.08666
   120.0329       23.09746
   120.0396       23.11250
   120.0488       23.12081
   120.0467       23.12288
   120.0279       23.11077
   120.0296       23.07579
   120.0333       23.08119
   120.0433       23.08122
   120.0487       23.07662
   120.0471       23.07247
   120.0508       23.06038
   120.0875       23.08043
   120.0609       23.05208
   120.0550       23.05043
   120.0529       23.04494
   120.0575       23.04704
   120.0641       23.04540
   120.0850       23.03374
   120.1150       23.01118
   120.1179       23.01244
   120.1171       23.01494
   120.0967       23.03206
   120.1050       23.03212
   120.1125       23.03960
   120.1092       23.03120
   120.1183       23.03371
   120.1288       23.02663
   120.1308       23.02043
   120.1442       23.01872
   120.1437       23.02495
   120.1412       23.02583
   120.1450       23.02626
   120.1475       23.03209
   120.1541       23.03209
   120.1608       23.04039
   120.1812       23.04002
   120.1862       23.01747
   120.1858       23.00456
   120.1683       23.00285
   120.1475       23.00957
   120.1333       23.00041
   120.1312       22.99498
   120.1496       22.97496
   120.1604       22.95668
   120.1671       22.93248
   120.1637       22.91585
   120.1862       22.85081
   120.1888       22.84996
   120.1887       22.85750
   120.1821       22.87584
   120.1908       22.87959
   120.1913       22.86998
   120.2087       22.85750
   120.2138       22.84578
   120.2033       22.84541
   120.2008       22.85209
   120.1950       22.85289
   120.1942       22.83873
   120.1913       22.84663
   120.1879       22.84749
   120.1904       22.83830
   120.2212       22.76243
   120.2379       22.72749
   120.2438       22.72584
   120.2413       22.72087
   120.2512       22.69920
   120.2488       22.69331
   120.2537       22.69496
   120.2550       22.70207
   120.2637       22.69584
   120.2604       22.69496
   120.2637       22.69081
   120.2604       22.68748
   120.2629       22.68248
   120.2592       22.67955
   120.2563       22.68833
   120.2521       22.68910
   120.2538       22.67417
   120.2405       22.66084
   120.2404       22.64500
   120.2454       22.63499
   120.2520       22.62995
   120.2550       22.61625
   120.2658       22.61793
   120.2784       22.61207
   120.2813       22.61750
   120.2804       22.61164
   120.2871       22.60578
   120.2900       22.59208
   120.2838       22.60587
   120.2742       22.61039
   120.2729       22.60743
   120.2937       22.57746
   120.3008       22.57041
   120.3050       22.57206
   120.3087       22.56999
   120.3054       22.56666
   120.3084       22.56123
   120.3133       22.55705
   120.3167       22.55958
   120.3246       22.55747
   120.3279       22.55082
   120.3254       22.54832
   120.3279       22.54163
   120.3258       22.53956
   120.3225       22.53788
   120.3021       22.56080
   120.2625       22.61375
   120.2533       22.61454
   120.2520       22.60999
   120.2571       22.60996
   120.3163       22.53831
   120.3450       22.51371
   120.3492       22.50623
   120.3917       22.47874
   120.4042       22.47541
   120.4088       22.48164
   120.4054       22.50498
   120.4092       22.49458
   120.4125       22.50376
   120.4096       22.48994
   120.4162       22.47749
   120.4275       22.47285
   120.4316       22.46790
   120.4354       22.47248
   120.4313       22.46079
   120.4458       22.44456
   120.4916       22.42124
   120.5033       22.41202
   120.5125       22.42621
   120.5075       22.41038
   120.5333       22.39954
   120.5767       22.37040
   120.5888       22.35749
   120.5971       22.33918
   120.6116       22.32792
   120.6312       22.30665
   120.6346       22.28748
   120.6421       22.26999
   120.6396       22.25580
   120.6629       22.23416
   120.6746       22.21164
   120.6762       22.20581
   120.6738       22.19748
   120.6837       22.17835
   120.6871       22.15500
   120.6905       22.15082
   120.6888       22.13999
   120.6937       22.13751
   120.6929       22.13169
   120.7004       22.12329
   120.7071       22.10413
   120.7079       22.09329
   120.6921       22.08582
   120.6971       22.07086
   120.6971       22.06003
   120.6950       22.05624
   120.6887       22.05585
   120.6863       22.04581
   120.6888       22.04334
   120.6771       22.02997
   120.6771       22.02335
   120.6863       22.00333
   120.6936       22.00000
   120.7000       21.99707
   120.7104       21.97998
   120.7063       21.96493
   120.7054       21.93747
   120.7108       21.93790
   120.7154       21.92752
   120.7217       21.92212
   120.7341       21.92288
   120.7345       21.92917
   120.7421       21.93753
   120.7404       21.94580
   120.7429       21.95163
   120.7541       21.96124
   120.7608       21.96210
   120.7675       21.95377
   120.7725       21.95288
   120.7783       21.94708
   120.7883       21.94788
   120.7929       21.94498
   120.7933       21.94119
   120.7991       21.94376
   120.8066       21.93707
   120.8158       21.93790
   120.8325       21.91873
   120.8404       21.91662
   120.8421       21.90582
   120.8466       21.90039
   120.8558       21.90039
   120.8604       21.90332
   120.8554       21.91168
   120.8563       21.92081
   120.8429       21.93664
   120.8379       21.94748
   120.8362       21.96582
   120.8404       21.97583
   120.8412       21.98999
   120.8633       21.99957
   120.8641       21.99957
   120.8647       22.00000
   120.8679       22.00247
   120.8688       22.01245
   120.8779       22.01746
   120.8787       22.02582
   120.8904       22.03412
   120.8837       22.04910
   120.8812       22.08420
   120.8879       22.09247
   120.8913       22.10581
   120.8812       22.11331
   120.8771       22.12833
   120.8771       22.13248
   120.8887       22.14246
   120.8837       22.14752
   120.8862       22.15500
   120.8829       22.16333
   120.8862       22.17746
   120.8812       22.19165
   120.8812       22.19583
   120.8871       22.20163
   120.8846       22.22080
   120.8904       22.23166
   120.8829       22.27750
   120.8846       22.32834
   120.8929       22.35001
   120.9004       22.35914
   120.9046       22.38248
   120.9137       22.39582
   120.9154       22.40583
   120.9387       22.45667
   120.9512       22.50584
   120.9721       22.56333
   121.0014       22.59074
   121.0097       22.63828
   121.0181       22.65574
   121.0285       22.66868
   121.0493       22.67704
   121.0776       22.70036
   121.1151       22.71617
   121.1484       22.74699
   121.1697       22.75993
   121.1748       22.78572
   121.1818       22.79200
   121.1868       22.79118
   121.1922       22.79744
   121.1840       22.82741
   121.1789       22.83244
   121.1823       22.84825
   121.1994       22.86452
   121.2152       22.86784
   121.2261       22.86619
   121.2315       22.88075
   121.2414       22.88493
   121.2698       22.93159
   121.2731       22.94832
   121.2802       22.95619
   121.2914       22.96159
   121.3081       22.98329
   121.3133       23.00044
   121.3204       23.00917
   121.3212       23.01665
   121.3287       23.01997
   121.3270       23.02330
   121.3320       23.02834
   121.3395       23.06249
   121.3429       23.06996
   121.3505       23.07582
   121.3487       23.08080
   121.3563       23.09499
   121.3600       23.09789
   121.3700       23.09709
   121.3725       23.10039
   121.3767       23.09712
   121.3900       23.11876
   121.3958       23.11540
   121.4062       23.12499
   121.3945       23.13332
   121.3921       23.13912
   121.3929       23.15163
   121.3971       23.15581
   121.3996       23.16915
   121.3904       23.18749
   121.3888       23.20665
   121.4130       23.22667
   121.4116       23.23046
   121.4079       23.22914
   121.4071       23.23418
   121.4137       23.26079
   121.4212       23.27077
   121.4229       23.28411
   121.4321       23.30251
   121.4434       23.31286
   121.4550       23.31624
   121.4596       23.32329
   121.4612       23.34832
   121.4662       23.36080
   121.4662       23.38329
   121.4704       23.39751
   121.4746       23.39913
   121.4820       23.42583
   121.4888       23.43581
   121.4962       23.46416
   121.4950       23.46786
   121.4916       23.46456
   121.4820       23.46996
   121.4975       23.46874
   121.5013       23.47997
   121.5062       23.48501
   121.5054       23.49410
   121.4987       23.49664
   121.4954       23.52248
   121.5054       23.55499
   121.5196       23.57919
   121.5237       23.59744
   121.5229       23.62417
   121.5270       23.64498
   121.5287       23.65084
   121.5362       23.65417
   121.5346       23.66415
   121.5462       23.69915
   121.5420       23.70498
   121.5429       23.72168
   121.5529       23.73251
   121.5629       23.75247
   121.5654       23.76165
   121.5646       23.79916
   121.5862       23.84582
   121.5954       23.87750
   121.5971       23.90918
   121.6037       23.93750
   121.6033       23.94290
   121.5954       23.93243
   121.6012       23.94415
   121.5995       23.95999
   121.6104       23.97833
   121.6258       23.98962
   121.6300       23.99625
   121.6271       23.98749
   121.6296       23.98666
   121.6338       24.00000