TAPU 120.58541 23.25080 -0.53
GS34 120.27513 22.93922 -0.74
SHAN 121.19949 23.10886 -1.41
SHUL 121.56273 23.78761 2.40
NDHU 121.55081 23.89724 2.90
GS35 120.30938 22.93552 -1.35
LNCH 120.40261 22.99458 0.99
MOTN 121.02685 23.20054 -4.71
YUSN 120.95914 23.48730 -6.53
TAPE 121.23087 23.12557 -6.05
SOFN 121.59816 23.87026 7.19
GS32 120.33709 23.02578 4.00
FNGU 120.72445 24.03516 20.58
TAYN 120.76419 23.15934 -6.80
SHWA 120.34781 23.02143 6.06
CTOU 120.27784 22.75468 -11.95
DAWU 120.89004 22.34059 -9.82
GS31 120.27576 23.01890 8.97
SLNP 121.63563 24.75311 34.93
FALI 120.59360 22.36525 -24.64
JHCI 120.54742 23.51372 17.40
AKND 120.35726 22.80331 -16.01
VR02 120.37348 23.89993 29.59
SFON 121.01016 24.93289 30.58
FCWS 121.24981 24.85069 31.01
MIAO 120.81026 24.58345 27.37
S23R 120.60617 22.64498 -23.84
CHUN 121.39310 23.45285 -16.25
YMSM 121.57405 25.16571 30.36
GS33 120.18781 22.96442 18.11
GS09 121.65193 25.20860 32.89
FUNY 120.32017 23.92231 31.17
GS23 120.64768 24.09459 28.13
SJPU 120.48126 23.42854 18.54
DAJN 120.86497 22.31130 -12.09
PEPU 121.61034 24.01788 13.92
GS24 120.52608 24.02523 29.32
GS25 120.64022 23.98651 26.41
GS08 121.50149 25.20372 32.13
YENL 121.60184 23.90350 6.23
SSUN 120.37777 23.41415 22.55
SPAO 121.48486 24.20501 22.50
TSIO 120.70410 24.47279 28.58
GS36 120.62533 24.36204 29.40
GS21 120.51237 24.09730 29.48
GS27 120.57787 23.82475 25.46
BANC 121.44210 24.99765 32.27
NAAO 121.81021 24.44934 40.26
HSIN 121.01425 24.82775 30.67
WULI 121.30846 24.35228 24.11
VR03 120.58151 23.86443 27.94
SANL 120.76855 23.66448 6.93
GUKN 120.58878 23.64586 23.14
CHGO 121.37453 23.09833 -21.90
TUNH 121.30022 23.07516 -15.35
SANJ 121.50087 25.26079 31.68
DAHU 120.87183 24.42288 25.50
SUAN 120.29988 23.47757 29.34
GS26 120.64602 23.86984 26.99
JYAN 121.22634 24.24247 21.61
NCKU 120.27581 22.93845 -0.81
THAI 121.29559 24.60712 29.33
JULI 121.31817 23.34166 0.53
WANS 120.88519 23.60750 -2.95
PINT 120.64056 23.75606 25.81
PAOL 120.70287 23.10862 -15.97
PTUN 120.45968 22.64985 -22.05
JONP 120.52400 23.42297 16.35
S012 120.48826 23.05947 -7.30
S011 120.33945 23.20542 20.55
TAPO 121.23741 23.12706 -14.85
WARO 121.44093 23.81202 5.45
CHEN 121.37358 23.09740 -22.12
KASH 120.28835 22.61449 -14.62
S106 120.33409 23.05079 9.32
LONT 121.13056 22.90631 -7.47
ERPN 121.16611 22.94217 -22.39
SINL 121.25462 22.90829 -19.67
SLIN 121.44140 23.81185 7.54
MESN 120.82626 23.26363 -3.21
GS12 121.38276 25.05303 32.54
W029 120.66425 23.54079 10.13
NANK 120.27439 23.10199 19.25
TOFN 120.92480 24.66204 28.89
HUWE 120.28662 23.72940 29.15
CHKU 120.09275 23.05584 27.58
GS05 120.56840 23.56710 17.85
YM03 121.60490 25.14661 34.78
WIPN 121.05855 24.67463 28.97
YM02 121.56069 25.14838 35.00
JSUI 121.42389 23.49198 -15.93
GS13 121.45224 25.02000 30.82
WULU 121.04147 23.16926 -4.51
GS38 120.60058 24.27980 28.71
SAND 120.64064 22.71727 -25.46
SGAN 120.34965 22.58127 -14.95
S103 120.47519 23.56437 23.98
PKGM 120.30550 23.57989 31.76
CWEN 120.45276 23.47304 20.76
TATA 120.88705 23.48140 -13.97
SHJU 120.92195 24.84508 31.36
GS28 120.21436 23.08098 20.14
YM05 121.56548 25.16400 33.88
GS10 121.46154 25.14615 31.71
DNAN 120.44799 23.67380 27.43
DOSH 120.82688 24.26268 25.32
NSHE 120.80090 24.22579 23.66
TTUN 121.08070 22.76455 -10.85
GS39 120.52959 24.18441 29.64
DONA 120.70351 22.91562 -26.20
NCTU 120.99732 24.78882 19.24
GS11 121.49876 25.13356 32.65
GS15 120.99049 24.76664 30.14
KZN1 120.69798 23.94625 24.74
GS16 121.04160 24.74787 29.38
