DAWU 120.89004 22.34059 0.06
GS36 120.62533 24.36204 -0.09
CTOU 120.27784 22.75468 0.25
HSIN 121.01425 24.82775 -0.23
GS31 120.27576 23.01890 -0.25
SFON 121.01016 24.93289 -0.60
VR03 120.58151 23.86443 -0.47
SSUN 120.37777 23.41415 -0.36
GS23 120.64768 24.09459 0.48
MIAO 120.81026 24.58345 -1.15
SLNP 121.63563 24.75311 1.13
WULI 121.30846 24.35228 1.25
GS09 121.65193 25.20860 0.82
FNGU 120.72445 24.03516 -2.09
S23R 120.60617 22.64498 1.94
AKND 120.35726 22.80331 1.68
FCWS 121.24981 24.85069 2.65
GS21 120.51237 24.09730 -2.45
DAJN 120.86497 22.31130 1.94
BANC 121.44210 24.99765 2.30
GS08 121.50149 25.20372 -1.98
SHAN 121.19949 23.10886 -5.21
GS25 120.64022 23.98651 -2.51
FALI 120.59360 22.36525 -3.39
DAHU 120.87183 24.42288 2.04
PEPU 121.61034 24.01788 -2.56
SUAN 120.29988 23.47757 -3.89
YUSN 120.95914 23.48730 2.65
TUNH 121.30022 23.07516 3.95
CHGO 121.37453 23.09833 1.94
GS33 120.18781 22.96442 -1.37
SJPU 120.48126 23.42854 0.94
CHUN 121.39310 23.45285 -4.22
TSIO 120.70410 24.47279 1.86
JYAN 121.22634 24.24247 4.12
JHCI 120.54742 23.51372 1.59
YENL 121.60184 23.90350 -9.27
SANL 120.76855 23.66448 3.44
GS27 120.57787 23.82475 2.19
TAPE 121.23087 23.12557 -9.10
NDHU 121.55081 23.89724 -5.66
GS26 120.64602 23.86984 5.32
TAPU 120.58541 23.25080 6.72
GS34 120.27513 22.93922 8.29
GS35 120.30938 22.93552 8.76
SANJ 121.50087 25.26079 3.15
GUKN 120.58878 23.64586 0.99
SHWA 120.34781 23.02143 11.68
GS24 120.52608 24.02523 -9.45
SOFN 121.59816 23.87026 -13.15
GS32 120.33709 23.02578 6.74
SHUL 121.56273 23.78761 -15.21
FUNY 120.32017 23.92231 -18.66
NAAO 121.81021 24.44934 -5.25
MOTN 121.02685 23.20054 6.71
SPAO 121.48486 24.20501 12.71
VR02 120.37348 23.89993 -32.49
TAYN 120.76419 23.15934 15.27
YMSM 121.57405 25.16571 -37.37
LNCH 120.40261 22.99458 22.57
CHEN 121.37358 23.09740 -0.43
THAI 121.29559 24.60712 3.28
S011 120.33945 23.20542 0.46
YM03 121.60490 25.14661 0.08
PTUN 120.45968 22.64985 -1.52
PINT 120.64056 23.75606 -4.18
GS38 120.60058 24.27980 0.23
KASH 120.28835 22.61449 -0.91
TOFN 120.92480 24.66204 1.89
CWEN 120.45276 23.47304 -1.09
JONP 120.52400 23.42297 3.27
TAPO 121.23741 23.12706 8.96
SAND 120.64064 22.71727 -1.05
WANS 120.88519 23.60750 9.73
S103 120.47519 23.56437 1.18
NCKU 120.27581 22.93845 7.41
PAOL 120.70287 23.10862 13.49
GS12 121.38276 25.05303 -1.14
YM02 121.56069 25.14838 -0.48
WARO 121.44093 23.81202 -1.45
WIPN 121.05855 24.67463 1.85
DONA 120.70351 22.91562 4.56
KZN1 120.69798 23.94625 -1.63
NANK 120.27439 23.10199 0.72
GS11 121.49876 25.13356 -1.75
S012 120.48826 23.05947 7.35
SGAN 120.34965 22.58127 -1.20
GS16 121.04160 24.74787 0.98
GS05 120.56840 23.56710 1.57
CHKU 120.09275 23.05584 6.75
GS39 120.52959 24.18441 -1.00
TTUN 121.08070 22.76455 -2.34
GS13 121.45224 25.02000 -9.13
YM05 121.56548 25.16400 -0.98
ERPN 121.16611 22.94217 5.92
JSUI 121.42389 23.49198 1.73
JULI 121.31817 23.34166 -4.03
SHJU 120.92195 24.84508 -3.12
TATA 120.88705 23.48140 -1.07
GS15 120.99049 24.76664 1.70
DOSH 120.82688 24.26268 2.23
NCTU 120.99732 24.78882 -4.82
GS10 121.46154 25.14615 7.13
S106 120.33409 23.05079 9.41
LONT 121.13056 22.90631 6.07
MESN 120.82626 23.26363 6.73
SINL 121.25462 22.90829 5.74
GS28 120.21436 23.08098 3.31
SLIN 121.44140 23.81185 7.39
PKGM 120.30550 23.57989 -17.28
W029 120.66425 23.54079 5.94
WULU 121.04147 23.16926 15.41
NSHE 120.80090 24.22579 7.33
DNAN 120.44799 23.67380 -11.44
HUWE 120.28662 23.72940 -20.16
